Vector Kr : 
141
43
245
198
121
60
86
218
73
6
250
16
246
136
79
64
188
109
44
174
62
140
124
103
25
125
184
193
188
148
211
26
65
62
81
0
6
45
200
157
183
63
250
166
229
255
67
251
166
95
77
238
36
26
251
90
72
158
70
112
65
97
127
51
247
245
3
82
253
223
109
65
40
106
27
201
74
77
199
106
249
44
110
183
242
8
218
198
226
75
153
68
132
15
91
12
207
28
79
143
160
235
231
6
57
54
34
181
174
68
150
97
238
13
86
216
71
133
14
91
200
220
233
253
173
182
74
205
139
129
89
174
109
190
199
75
119
65
39
127
166
62
166
50
78
253
124
139
140
26
206
74
214
136
73
118
153
238
34
90
41
186
186
241
169
180
163
220
73
173
68
126
169
235
158
17
7
193
217
114
43
165
118
107
88
240
231
188
168
253
215
5
105
192
208
5
165
41
170
144
92
10
69
214
60
49
225
159
10
216
169
112
209
136
78
248
183
165
87
43
177
117
221
16
35
55
156
91
50
15
202
227
1
112
3
88
203
173
217
175
179
221
195
28
107
215
217
186
1
251
15
93
239
241
235
78
189
33
9
113
157
7
61
95
8
98
41
108
205
45
157
37
176
233
142
251
160
204
157
241
128
139
86
97
85
90
101
210
155
26
211
94
123
204
154
193
28
161
16
