Vector Kc : 
107
155
151
139
218
63
203
226
86
225
93
7
100
156
99
165
221
50
241
170
121
44
186
75
14
148
17
87
250
72
8
212
4
248
17
15
120
52
110
219
69
237
23
108
237
184
20
75
8
232
134
103
21
105
118
0
157
253
21
35
251
88
172
218
216
125
184
127
162
200
109
97
160
79
175
220
122
102
148
106
108
100
35
180
103
56
124
177
58
191
154
204
251
226
47
31
127
53
157
30
228
148
69
174
116
4
177
184
209
53
193
250
78
38
28
42
221
91
236
182
139
246
152
23
249
105
70
30
107
59
95
58
37
75
173
161
205
19
236
26
220
121
144
42
121
72
132
171
228
240
29
219
241
157
154
69
99
191
114
178
21
147
60
246
186
170
186
0
