Vector Kc : 
223
167
214
157
21
244
12
111
193
174
104
181
198
144
7
223
177
210
79
152
86
195
126
14
153
167
242
65
34
213
255
149
82
243
59
230
103
13
82
15
172
60
27
232
6
235
0
128
41
210
222
231
240
171
248
134
93
82
95
47
58
144
66
209
252
58
140
138
94
136
24
251
164
180
251
190
216
47
201
183
30
107
28
225
79
68
143
190
62
179
203
132
26
248
33
131
124
1
129
24
67
212
189
188
80
163
163
31
98
102
51
68
181
165
43
207
129
175
172
8
35
58
18
5
117
193
221
42
153
125
214
47
145
205
33
163
154
251
80
134
186
10
149
107
19
242
45
51
0
26
140
17
147
29
12
45
160
171
5
27
245
143
122
29
158
188
24
165
81
203
217
176
38
29
160
61
51
82
97
234
161
10
32
72
10
154
213
190
237
99
253
183
104
40
85
135
65
182
223
50
26
229
6
81
84
152
157
85
63
118
72
192
164
2
31
141
39
248
63
43
226
196
10
229
4
23
75
174
122
232
43
132
51
12
93
131
77
153
29
187
28
105
107
72
25
66
213
26
174
175
