Vector Kr : 
189
124
225
151
31
21
79
229
180
127
2
147
126
158
235
221
56
213
166
46
139
44
101
164
223
101
76
55
158
202
237
233
18
54
244
172
200
160
162
172
223
179
186
113
160
218
4
192
213
200
91
165
130
15
129
71
39
211
18
112
47
99
119
150
85
144
224
47
74
117
53
235
54
6
206
223
172
140
7
128
119
109
220
60
67
102
84
161
192
247
103
250
137
146
85
241
76
167
153
124
9
234
216
216
81
97
155
180
116
150
35
41
115
160
160
106
31
56
83
113
122
178
82
135
154
91
95
224
2
196
114
119
95
205
84
133
150
166
246
56
147
240
134
23
250
18
146
233
153
14
